Accuracy : 0.47765297204
Precision : 0.908910896577
Recall : 0.777692264353
